10 10 0
8 10 0
9 10 0
10 8 0
10 9 0
10 11 0
10 12 0
11 10 0
12 10 0
9 9 1
11 11 1
9 11 1
11 9 1
8 11 1
11 8 1
9 12 1
12 9 1
8 9 1
9 8 1
11 12 1
12 11 1
13 10 1
10 7 1
10 13 1
13 10 2
14 10 2
15 10 2
7 10 2
6 10 2
5 10 2
5 9 3
5 8 3
5 7 3
6 9 3
6 8 3
6 7 3
7 9 3
7 8 3
7 7 3
8 8 3
8 7 3
9 7 3
11 7 3
12 8 3
12 7 3
13 8 3
13 7 3
14 8 3
14 7 3
15 7 3
13 9 3
14 9 3
15 8 3
15 9 3
9 13 3
8 12 3
8 13 3
7 11 3
7 12 3
7 13 3
6 11 3
6 12 3
6 13 3
5 11 3
5 12 3
5 13 3
11 13 3
12 12 3
12 13 3
13 11 3
13 12 3
13 13 3
14 11 3
14 12 3
14 13 3
15 11 3
15 12 3
15 13 30